Layer 0 - Hidden_Layer Weights:
[[-0.17243028 -0.9032873  -1.4474258   0.71580535  0.21516626 -0.10891528
   0.47716165 -0.0335224  -0.9237433   0.25213864 -0.8354927  -0.72453016
  -0.31306595 -0.8759386  -0.7977046   0.7379546  -0.47659516 -0.88520944
  -0.6514023  -0.8630819   1.1012402  -0.7663942  -0.80680096 -0.83662945
  -1.3344419  -1.308791    0.02924942 -0.8908825   0.43353915 -1.0110428
  -0.6092892  -1.1186872  -0.491191   -0.5802159  -0.9082516   0.2767201
  -0.5224046   0.89708126 -0.854353    0.05868166 -0.8094796  -0.6726097
  -1.027005   -0.87400264 -0.791813   -0.47570628 -0.49330682 -0.2880153 ]
 [ 1.2765377   0.33189344 -1.1776421   0.8787341   0.98509943  0.9181377
   0.6832756   0.37652165 -0.09864204  0.6474288   0.5510516   0.8783387
  -1.1613235   1.0299784   0.85907453 -0.46774834  0.71469283  0.6883941
   0.94460934 -0.16511087 -0.53431064  0.34113535  1.1882724   0.75686264
  -0.5244818  -0.31104094 -0.35132068  0.6179272  -1.2383361   0.47737232
   0.46471605  0.26211438  0.9714538   1.2092478   0.35142437 -1.1204599
   0.39374718 -0.6804394   0.81792295 -0.57635117 -0.01289793  1.2444822
  -0.3089299   0.6023388  -0.5973365   0.6312714   1.4742695   0.8687124 ]]

Biases:
[-0.60832864  0.21285637  0.1728672  -0.53139657 -0.57677054 -0.41788706
 -0.4544147  -0.17736122  0.05639032 -0.40090021  0.20655192 -0.02287334
  0.17017676 -0.03019826 -0.13435592 -0.31188247  0.1421451   0.08044413
 -0.16212653  0.07039111 -0.34966865 -0.00072013 -0.09006045  0.15377723
  0.14761117  0.2582089  -0.23341358  0.02797654  0.17425448  0.19168124
 -0.02264136  0.22740008 -0.1326373  -0.3129089   0.27390528  0.10388619
  0.00213282 -0.1877319   0.02487052  0.04188351 -0.0659657  -0.28577113
 -0.01889882  0.14737056 -0.07766712  0.11528137 -0.49941954 -0.09877875]

Layer 1 - Hidden_Layer_2 Weights:
[[-0.1951672  -0.03931667 -0.27147382 ... -0.26277065  0.03134413
  -0.22897106]
 [-0.24925065  0.04187001 -0.28730106 ... -0.55331767 -0.3098667
   0.03311661]
 [-0.08091298  0.05072641  0.00080055 ... -0.23583744 -0.00802344
  -0.24108486]
 ...
 [-0.2883234   0.0229218  -0.28755394 ... -0.13918152 -0.35609776
  -0.27233565]
 [-0.0672246  -0.05269987 -0.10227695 ... -0.01523427 -0.4338232
  -0.10269297]
 [-0.0381873  -0.29353866 -0.06296785 ... -0.3412254  -0.03373464
  -0.33253863]]

Biases:
[ 0.01595399 -0.03459291  0.02351822  0.01279808 -0.29583973  0.04889944
 -0.00358383 -0.01352182 -0.1004549   0.01867307 -0.02560758  0.00931936
  0.00580804  0.06314284 -0.32008505 -0.04393642 -0.01970879  0.06404217
 -0.0351839  -0.08652636 -0.26264095 -0.07476446  0.02212408  0.01681041
 -0.06414817 -0.04089492 -0.08195383 -0.02214489 -0.00909689  0.03728969
 -0.01238862 -0.0122552   0.00924936  0.02570008 -0.13881946 -0.00974318
 -0.05209357 -0.15802829  0.01690272 -0.19472614  0.03273842 -0.3611458
  0.07006997  0.0282067  -0.02680045 -0.3199212   0.0109806   0.01797837]

Layer 2 - Output_Layer Weights:
[[-1.7204485  -0.9329502  -0.77380425 ... -1.0213383  -1.1420445
  -0.7901192 ]
 [-1.4785863  -0.8338129  -0.73895115 ... -0.94892794 -0.6903661
  -0.66040504]
 [-1.7091744  -0.93282455 -1.0630767  ... -1.0833869  -1.1895872
  -0.74555993]
 ...
 [-1.2042562  -2.344357   -2.3930714  ... -2.4364738  -2.366905
  -1.9936659 ]
 [-1.6417245  -0.79879004 -0.77355    ... -0.75153387 -0.8060443
  -0.6857188 ]
 [-1.6660513  -0.3280827  -0.5854218  ... -0.5264579  -0.4403957
  -0.27977002]]

Biases:
[-1.141385  -6.027466  -5.9038973 -5.997184  -6.0520744 -5.9382224
 -5.999613  -6.006119  -6.032035  -5.9898143 -5.947813  -5.935945
 -6.032703  -5.9281964 -5.8943853 -5.969462  -6.0135503 -5.855924
 -6.021272  -5.7174144 -5.7120333 -5.2858176 -4.3474116 -3.2088606
 -2.227817  -0.8288367 -1.7049558 -2.1179645 -2.5894992 -3.2748613
 -3.7650282 -4.170804  -5.239048  -5.3346987 -5.697623  -5.9520783
 -5.8422728 -6.058468  -5.9574704 -5.9822598 -6.0196996 -5.8901873
 -5.98063   -6.00721   -5.9541507 -5.963036  -6.029013  -5.994699
 -5.955242  -5.971979  -6.0585704 -5.928906  -6.005716  -5.947876
 -5.9448385 -6.01407   -6.010602  -5.9353905 -6.014506  -5.966749
 -5.9827785 -5.919084  -6.0230827 -5.917941  -5.8917527 -5.951803
 -5.9842834 -6.011469  -5.8762465 -5.9826193 -5.9035387 -6.024725
 -5.9682937 -5.9924808 -5.9721594 -5.883054  -5.9107428 -5.971545
 -5.931267  -6.0288496 -6.0383673 -6.0232983 -5.918412  -5.916187
 -5.9933434 -6.003147  -5.9827275 -5.967034  -6.0128307 -6.0133424
 -5.9300365 -5.885034  -5.988947  -5.931782  -5.98291   -5.9787216
 -5.9417157 -6.046554  -5.9674177 -5.8957024 -5.3088937]

